--- Raw Data (First 20 rows) ---
                                                                                                           0    1       2       3       4       5       6       7       8       9       10      11      12      13      14      15      16      17
0   特定健診 標準的な質問票（質問項目１２） ほぼ同じ年齢の同性と比較して歩く速度が速い　：2022年度　※集計結果が10未満の場合は「‐」で表示（10未満の箇所が1箇所の場合は10以上の最小値を全て「‐」で表示）  NaN     NaN     NaN     NaN     NaN     NaN     NaN     NaN     NaN     NaN     NaN     NaN     NaN     NaN     NaN     NaN     NaN
1                                                                                                       都道府県名   回答      全体     NaN     NaN     NaN     NaN     NaN     NaN     NaN     NaN     NaN     NaN     NaN     NaN     NaN     NaN     NaN
2                                                                                                         NaN  NaN       男     NaN     NaN     NaN     NaN     NaN     NaN     NaN       女     NaN     NaN     NaN     NaN     NaN     NaN     NaN
3                                                                                                         NaN  NaN  40～44歳  45～49歳  50～54歳  55～59歳  60～64歳  65～69歳  70～74歳      中計  40～44歳  45～49歳  50～54歳  55～59歳  60～64歳  65～69歳  70～74歳      中計
4                                                                                                         NaN  NaN      人数      人数      人数      人数      人数      人数      人数      人数      人数      人数      人数      人数      人数      人数      人数      人数
5                                                                                                         北海道   はい   35607   43291   41974   36629   31938   23447   21763  234649   21469   26831   28807   26974   23491   19369   21987  168928
6                                                                                                         NaN  いいえ   36356   45466   44919   39753   35588   25093   21573  248748   33126   39913   38795   32492   25682   19613   22019  211640
7                                                                                                         青森県   はい    8640   10438   10400    9592    8572    7103    7328   62073    5386    7254    8085    8067    7978    7634    8815   53219
8                                                                                                         NaN  いいえ   10954   13274   12933   12121   11237    8973    8907   78399    9922   11633   11225   10100    9172    8633   10126   70811
9                                                                                                         岩手県   はい   10144   11907   11500   10329    9375    8468    9679   71402    5987    7745    8013    7994    8399    9298   11321   58757
10                                                                                                        NaN  いいえ   12213   14132   13489   12966   12168   10900   11513   87381   10616   12613   12077   10985   10687   10893   13488   81359
11                                                                                                        宮城県   はい   19832   22763   22558   19395   16833   15521   17610  134512   12796   15349   15979   15426   15164   16433   20422  111569
12                                                                                                        NaN  いいえ   26320   30422   28496   24236   21785   19293   20963  171515   23164   26859   24491   20152   18458   18748   22292  154164
13                                                                                                        秋田県   はい    5658    6681    6423    6138    5889    5860    6875   43524    3568    4357    4764    4827    5438    6850    8709   38513
14                                                                                                        NaN  いいえ    6733    8269    8147    7761    7792    7177    8061   53940    6671    7669    7383    6683    6877    7809    9459   52551
15                                                                                                        山形県   はい    7712    8696    8514    7827    7513    6238    6421   52921    4763    5607    5942    6175    6393    5897    6286   41063
16                                                                                                        NaN  いいえ   14767   16521   15116   14027   14018   13723   15146  103318   13466   15349   14299   13524   13383   14108   15558   99687
17                                                                                                        福島県   はい   14346   16689   16640   15147   14672   13327   14967  105788    8761   10889   11669   12146   13069   13695   16250   86479
18                                                                                                        NaN  いいえ   18675   21458   19417   17855   17077   15103   16028  125613   16550   19012   17791   15900   15519   15563   17556  117891
19                                                                                                        茨城県   はい   22889   26927   28052   23577   18901   16366   18259  154971   13424   17149   19451   17866   15979   16427   19204  119500